# Phoneme dictionary metadata
# Entries: 64
# Total payload: 248 bytes

  #  Pattern               Len    Freq       Score
---  --------------------  ---  ------  ----------
  0  0a63                    2   11561       69600
  1  0a70                    2   12872       77460
  2  0a73                    2   13819       82140
  3  al                      2   16557      104466
  4  an                      2   12597       79932
  5  ar                      2   11270       70974
  6  de                      2    9066       53316
  7  650a                    2   23975      147210
  8  en                      2   14985       91224
  9  er                      2   26350      163332
 10  is                      2   14367       89250
 11  la                      2    9133       54828
 12  li                      2   13471       82374
 13  nt                      2   12410       77688
 14  or                      2   10655       66168
 15  ra                      2   13502       83700
 16  re                      2   17990      112896
 17  ri                      2   13090       78492
 18  ro                      2   10301       61200
 19  se                      2    8481       51930
 20  st                      2   13522       83934
 21  740a                    2    9484       56160
 22  te                      2   16872      101118
 23  0a636f                  3    4315       58995
 24  0a7265                  3    4766       63045
 25  616c0a                  3    5785       80122
 26  ate                     3    5326       71712
 27  65640a                  3   11681      163485
 28  ent                     3    4863       67352
 29  65720a                  3    7505      104018
 30  69630a                  3    5477       73778
 31  6c790a                  3    8084      111645
 32  ter                     3    5344       71888
 33  tic                     3    4709       63531
 34  0a6e6f6e                4    5091      126480
 35  0a707265                4    3278       77280
 36  6174650a                4    2386       54840
 37  696e670a                4    9801      234000
 38  6f75730a                4    2715       68040
 39  7465640a                4    3088       68760
 40  7469630a                4    2308       53760
 41  0a6f766572              5    1945       72938
 42  61626c650a              5    3087      112875
 43  617465640a              5    1874       67500
 44  65640a756e              5    4197      162562
 45  6963616c0a              5    1436       58500
 46  6e6573730a              5    4377      172500
 47  74696e670a              5    2214       84938
 48  746976650a              5    1580       57188
 49  0a696e746572            6    1172       68040
 50  0a7375706572            6    1016       56160
 51  6174696e670a            6    1386       70200
 52  6174696f6e0a            6    3007      167670
 53  61746976650a            6     928       52920
 54  656e6573730a            6    1343       69390
 55  696e670a756e            6    1498       76140
 56  696e676c790a            6    1010       52110
 57  61626c650a756e          7    1058       74602
 58  62696c6974790a          7     883       63945
 59  6963616c6c790a          7    1435      103635
 60  6162696c6974790a        8     630       61920
 61  ableness                8     557       51840
 62  626c656e6573730a        8     724       66720
 63  746963616c6c790a        8     669       60480
